/*--------------------------------*- C++ -*----------------------------------*\
| =========                 |                                                 |
| \\      /  F ield         | OpenFOAM: The Open Source CFD Toolbox           |
|  \\    /   O peration     | Version:  2512                                  |
|   \\  /    A nd           | Website:  www.openfoam.com                      |
|    \\/     M anipulation  |                                                 |
\*---------------------------------------------------------------------------*/
FoamFile
{
    version     2.0;
    format      binary;
    arch        "LSB;label=32;scalar=64";
    class       cellSet;
    location    "constant/polyMesh/sets";
    object      concaveCells;
}
// * * * * * * * * * * * * * * * * * * * * * * * * * * * * * * * * * * * * * //


300
(
20480
20993
11265
7687
26120
26633
9738
24080
24593
16918
22040
22553
20000
20513
16929
10785
16420
25640
26153
9258
23600
7216
24113
15922
11831
21560
22073
5690
27200
19520
20033
10305
16962
10818
25160
11336
25673
16969
8779
23120
23633
6741
21080
21593
16473
6747
26720
27233
19553
9825
10338
15971
5219
24680
25193
17002
22640
23153
19057
17009
20600
7800
21113
11901
26240
26753
9345
9858
6275
19079
24200
24713
4746
16527
11407
22160
22673
17042
16020
20120
20633
18585
17049
10905
25760
26273
9378
8866
18597
23720
24233
18602
21680
22193
18614
19640
27321
20153
10425
27322
17082
10938
27323
27324
27325
27326
27327
27328
25280
17088
27329
25793
27330
11970
27331
27332
27333
16069
8389
27334
27335
27336
23240
27337
23753
27338
27339
27340
27341
27342
27343
6863
27344
21200
27345
21713
16593
27346
27347
27348
27349
27350
11478
27351
27352
26840
19673
9945
5342
24800
25313
8421
22760
23273
20720
21233
7923
16118
26360
26873
9465
9978
4863
24320
24833
4868
16645
12038
22280
22793
20240
20753
11025
25880
26393
8986
7451
11549
23840
24353
5924
16678
16167
21800
22313
19760
20273
10545
11058
25400
25913
9018
8508
23360
23873
21320
21833
12105
26960
19793
10065
5460
24920
25433
16729
16217
22880
23393
11620
20840
21353
18796
18799
12143
26480
19312
26993
9585
10098
24440
24953
16762
22400
18304
22913
20360
20873
11145
18315
16267
7564
26000
26513
9105
9618
23960
24473
6041
21920
22433
19880
20393
10665
11178
11691
16812
25520
26033
8627
23480
23993
16317
21440
21953
27080
19400
19913
10185
10698
16845
25040
25553
8660
23000
8152
23513
8153
18394
18398
8159
20960
21473
6625
8163
8165
6629
8166
8167
26600
27113
19433
9705
10218
8170
8171
8172
8173
8174
5102
24560
16368
25073
11761
5106
8180
16885
8181
8182
22520
23033
)


// ************************************************************************* //
